[gd_scene load_steps=9 format=3 uid="uid://dl4n2flmdrd06"]

[ext_resource type="PackedScene" uid="uid://b8fikd574fm6h" path="res://block.tscn" id="1_ugman"]
[ext_resource type="PackedScene" uid="uid://ccy1ns4lhkinh" path="res://art/gltf/patung_sapundu.glb" id="2_epdf2"]
[ext_resource type="PackedScene" uid="uid://cclkboc5g884c" path="res://steve.tscn" id="3_0b00l"]
[ext_resource type="Texture2D" uid="uid://drflsdkplpoxf" path="res://icon.svg" id="4_ncra1"]
[ext_resource type="Script" path="res://icon.gd" id="5_uv0aw"]

[sub_resource type="GDScript" id="GDScript_gu87v"]
resource_name = "Level1_scr"

[sub_resource type="BoxMesh" id="BoxMesh_bi0ew"]
size = Vector3(10, 0.5, 10)

[sub_resource type="BoxShape3D" id="BoxShape3D_lgs7a"]
size = Vector3(10, 0.5, 10)

[node name="Level1" type="Node3D"]
script = SubResource("GDScript_gu87v")

[node name="Camera3D" type="Camera3D" parent="."]
transform = Transform3D(1, 0, 0, 0, 0.991312, 0.13153, 0, -0.13153, 0.991312, 0, 4.27517, 11.9005)

[node name="Floor" type="StaticBody3D" parent="."]
transform = Transform3D(1, 0, 0, 0, 1, 0, 0, 0, 1, 0, -0.244637, 0)
metadata/_edit_group_ = true

[node name="MeshInstance3D" type="MeshInstance3D" parent="Floor"]
mesh = SubResource("BoxMesh_bi0ew")

[node name="CollisionShape3D" type="CollisionShape3D" parent="Floor"]
shape = SubResource("BoxShape3D_lgs7a")

[node name="DirectionalLight3D" type="DirectionalLight3D" parent="."]
transform = Transform3D(0.406529, -0.823133, 0.396466, 0, 0.433942, 0.900941, -0.913638, -0.366259, 0.17641, 0, 4.11603, 3.80988)
shadow_enabled = true

[node name="patung_sapundu" parent="." instance=ExtResource("2_epdf2")]
transform = Transform3D(0.990557, 0, 0.137099, 0, 1, 0, -0.137099, 0, 0.990557, -3.20249, 0.00536263, 1.59579)

[node name="Blocks" type="Node3D" parent="."]
transform = Transform3D(1, 0, 0, 0, 1, 0, 0, 0, 1, -0.578664, 0, 0)

[node name="Block1" parent="Blocks" instance=ExtResource("1_ugman")]
transform = Transform3D(1, 0, 0, 0, 0.736369, 0.67658, 0, -0.67658, 0.736369, 0, 3, 0)

[node name="Block2" parent="Blocks" instance=ExtResource("1_ugman")]
transform = Transform3D(1, 0, 0, 0, 0.383989, 0.923338, 0, -0.923338, 0.383989, 0, 4.88704, 0)

[node name="Block3" parent="Blocks" instance=ExtResource("1_ugman")]
transform = Transform3D(1, 0, 0, 0, 0.736369, 0.67658, 0, -0.67658, 0.736369, 0, 6.75702, 0)

[node name="Block4" parent="Blocks" instance=ExtResource("1_ugman")]
transform = Transform3D(1, 0, 0, 0, 0.383989, 0.923338, 0, -0.923338, 0.383989, 0, 8.64407, 0)

[node name="Block5" parent="Blocks" instance=ExtResource("1_ugman")]
transform = Transform3D(-4.37114e-08, -1, 0, 1, -4.37114e-08, 0, 0, 0, 1, 3.58154, 1.94179, 0)

[node name="Steve" parent="." instance=ExtResource("3_0b00l")]
transform = Transform3D(1, 0, 0, 0, 1, 0, 0, 0, 1, 0, 1.21212, 2.68111)

[node name="Icon" type="Sprite3D" parent="."]
transform = Transform3D(1, 0, 0, 0, 1, 0, 0, 0, 1, 3.51754, 1.06584, 3.30592)
texture = ExtResource("4_ncra1")
script = ExtResource("5_uv0aw")
